Source Target 
867    808   
867    840   
867    497   
867    21    
867    561   
51     808   
51     187   
986    747   
986    158   
986    43    
986    211   
986    733   
986    236   
546    747   
546    963   
546    337   
546    548   
546    355   
546    61    
546    931   
892    747   
892    979   
892    125   
892    81    
808    867   
808    51    
808    870   
808    764   
808    308   
808    1     
808    715   
808    627   
808    440   
877    747   
877    553   
877    524   
877    735   
877    958   
877    845   
877    696   
870    808   
870    108   
870    541   
870    382   
764    808   
764    383   
764    746   
764    980   
764    347   
764    854   
308    808   
308    108   
308    85    
308    64    
308    524   
308    384   
308    176   
966    709   
966    638   
966    605   
1      808   
1      501   
1      747   
501    1     
501    434   
501    560   
501    228   
434    501   
434    320   
434    383   
434    52    
434    533   
560    501   
560    183   
560    570   
560    737   
715    808   
715    102   
715    21    
715    912   
715    53    
715    605   
715    339   
715    667   
874    709   
874    57    
874    787   
874    912   
874    888   
874    896   
747    986   
747    546   
747    892   
747    877   
747    1     
747    15    
747    538   
747    108   
747    840   
0      709   
709    966   
709    874   
709    0     
709    804   
15     747   
15     235   
15     322   
15     356   
15     167   
228    501   
228    843   
228    22    
228    244   
228    384   
228    435   
228    676   
538    747   
538    571   
538    586   
538    404   
538    94    
538    695   
108    870   
108    308   
108    747   
108    717   
108    180   
804    709   
804    690   
804    900   
804    359   
804    378   
804    705   
840    867   
840    747   
840    722   
840    31    
840    483   
627    808   
627    620   
627    796   
627    372   
627    502   
440    808   
440    660   
440    948   
393    2     
393    494   
393    923   
393    843   
473    2     
473    762   
473    123   
473    301   
473    305   
473    458   
558    2     
558    620   
558    949   
558    229   
558    411   
558    128   
558    736   
558    758   
558    929   
55     48    
55     737   
55     753   
55     819   
65     165   
65     79    
65     183   
65     375   
65     220   
65     282   
864    165   
864    109   
864    703   
864    850   
864    147   
864    777   
677    165   
677    411   
677    649   
677    117   
677    519   
2      393   
2      473   
2      558   
2      48    
2      165   
2      392   
48     55    
48     2     
165    65    
165    864   
165    677   
165    2     
165    261   
392    2     
392    197   
392    784   
392    761   
392    800   
261    165   
261    984   
261    357   
261    277   
261    664   
261    857   
261    359   
261    369   
197    392   
197    144   
197    960   
197    67    
197    355   
784    392   
784    565   
784    140   
784    382   
784    404   
784    575   
784    298   
784    931   
784    81    
784    796   
761    392   
761    198   
761    827   
761    97    
761    327   
800    392   
800    115   
800    862   
800    734   
800    539   
494    393   
494    223   
494    718   
494    147   
923    393   
923    435   
923    192   
843    228   
843    393   
843    634   
843    508   
843    909   
843    559   
762    473   
762    145   
762    938   
762    33    
762    756   
762    226   
762    370   
762    429   
123    473   
123    109   
123    729   
301    473   
301    571   
301    956   
301    950   
301    243   
301    680   
301    455   
301    217   
305    473   
305    670   
305    243   
305    646   
305    907   
305    814   
305    325   
458    473   
458    876   
458    275   
458    970   
458    256   
458    612   
620    627   
620    558   
620    17    
620    604   
620    413   
949    558   
949    278   
949    53    
949    886   
949    731   
949    572   
949    964   
949    901   
229    558   
229    216   
229    879   
229    59    
229    624   
411    558   
411    677   
411    651   
411    396   
411    770   
411    797   
411    101   
411    744   
411    201   
411    451   
411    714   
411    983   
128    558   
128    664   
128    522   
128    157   
736    558   
736    168   
736    856   
758    558   
758    350   
758    427   
758    702   
758    931   
929    558   
929    780   
929    386   
929    868   
3      13    
3      146   
3      158   
3      865   
3      919   
13     3     
13     207   
13     634   
13     984   
146    3     
146    225   
146    719   
146    641   
146    145   
146    283   
146    320   
146    480   
146    749   
158    986   
158    3     
158    723   
158    344   
158    617   
158    360   
158    353   
865    3     
865    984   
865    485   
865    841   
865    672   
865    463   
865    278   
919    3     
919    730   
919    780   
919    403   
919    474   
919    400   
919    771   
919    767   
207    13    
207    934   
207    553   
207    619   
207    287   
634    843   
634    13    
634    550   
634    324   
984    261   
984    13    
984    865   
984    356   
984    839   
984    39    
984    276   
984    196   
984    960   
984    205   
984    570   
225    146   
225    9     
225    938   
225    31    
225    405   
719    146   
719    174   
719    53    
641    146   
641    751   
641    382   
641    499   
641    424   
641    169   
641    354   
641    125   
145    762   
145    146   
145    730   
145    173   
145    479   
145    342   
283    146   
283    594   
283    909   
320    434   
320    146   
320    689   
320    846   
320    831   
320    992   
320    447   
480    146   
480    576   
480    795   
480    570   
480    299   
480    744   
480    166   
480    610   
480    221   
480    566   
480    476   
749    146   
749    357   
723    158   
723    752   
723    5     
723    202   
723    30    
723    296   
723    526   
344    158   
344    235   
344    25    
344    824   
344    920   
344    424   
344    419   
617    158   
617    768   
617    690   
617    75    
360    158   
360    969   
360    340   
360    491   
360    479   
360    802   
360    195   
360    93    
360    219   
353    158   
353    155   
353    991   
353    998   
353    213   
485    865   
485    17    
485    427   
485    947   
485    211   
841    865   
841    280   
841    177   
841    111   
841    297   
841    549   
672    865   
672    115   
672    375   
672    164   
672    455   
672    639   
463    865   
463    206   
463    910   
463    249   
278    949   
278    865   
278    536   
278    366   
730    919   
730    145   
730    797   
730    517   
780    929   
780    919   
780    315   
780    783   
780    162   
780    859   
780    549   
403    919   
403    334   
403    650   
403    499   
403    911   
403    175   
403    942   
474    919   
474    866   
474    246   
474    327   
474    818   
474    486   
400    919   
400    487   
400    814   
400    618   
400    675   
400    559   
771    919   
771    532   
767    919   
4      513   
4      651   
4      752   
4      792   
4      963   
513    4     
513    350   
513    544   
513    565   
513    337   
651    411   
651    4     
651    381   
651    224   
752    723   
752    4     
752    853   
752    449   
752    710   
752    638   
752    596   
752    995   
792    4     
792    891   
792    717   
792    728   
963    546   
963    4     
963    9     
963    179   
963    60    
963    955   
963    70    
963    608   
963    160   
963    830   
963    203   
963    686   
350    758   
350    513   
350    62    
350    604   
350    920   
350    298   
350    895   
350    845   
350    820   
350    240   
544    513   
544    556   
544    95    
565    784   
565    513   
565    291   
565    740   
565    238   
337    546   
337    513   
337    510   
337    365   
337    687   
337    902   
337    410   
381    651   
381    201   
381    187   
224    651   
224    496   
224    215   
224    316   
224    535   
224    311   
224    803   
224    410   
853    752   
853    101   
853    625   
853    105   
853    883   
853    562   
853    372   
449    752   
449    432   
449    597   
449    931   
449    157   
710    752   
710    879   
710    478   
710    292   
710    593   
710    163   
710    521   
710    500   
710    760   
638    966   
638    752   
638    851   
638    660   
638    418   
638    503   
638    300   
638    476   
596    752   
596    397   
995    752   
995    619   
995    816   
995    862   
995    868   
891    792   
891    168   
891    21    
891    379   
891    763   
891    100   
717    108   
717    792   
717    41    
717    703   
717    451   
717    603   
717    826   
728    792   
728    304   
728    50    
728    116   
728    563   
9      225   
9      963   
9      16    
9      182   
9      778   
179    963   
179    930   
179    45    
179    467   
179    582   
179    345   
60     963   
60     66    
60     234   
60     486   
60     739   
955    963   
955    152   
955    237   
955    63    
955    515   
955    948   
70     963   
70     608   
70     956   
70     237   
70     697   
70     553   
70     489   
70     358   
70     678   
70     823   
608    963   
608    70    
608    330   
608    916   
160    963   
160    85    
160    271   
160    881   
160    803   
160    534   
830    963   
830    541   
830    788   
830    134   
203    963   
203    227   
203    254   
203    976   
203    858   
686    963   
686    932   
686    263   
686    259   
686    931   
686    493   
686    521   
5      723   
5      235   
5      851   
235    15    
235    344   
235    5     
235    452   
235    789   
235    573   
851    638   
851    5     
851    722   
851    62    
851    975   
452    235   
452    432   
452    18    
452    257   
452    292   
452    101   
452    633   
789    235   
789    766   
789    76    
789    801   
789    82    
789    325   
573    235   
573    198   
573    317   
573    127   
202    723   
202    415   
202    637   
202    571   
202    590   
202    99    
202    28    
202    166   
202    887   
202    688   
202    856   
30     723   
30     94    
30     98    
30     192   
30     530   
296    723   
296    232   
296    290   
296    237   
296    797   
296    166   
296    375   
296    300   
296    798   
526    723   
526    648   
526    281   
526    998   
526    222   
722    840   
722    851   
722    361   
722    694   
722    37    
722    418   
722    688   
62     350   
62     851   
62     997   
62     835   
62     606   
62     933   
975    851   
975    156   
6      260   
6      272   
6      357   
6      415   
260    6     
260    860   
260    637   
260    79    
260    152   
260    941   
260    432   
260    338   
272    6     
272    395   
357    261   
357    749   
357    6     
357    938   
357    496   
357    208   
357    198   
357    571   
357    223   
357    510   
415    202   
415    6     
415    72    
415    17    
415    190   
415    751   
415    930   
415    376   
860    260   
860    11    
860    45    
860    724   
637    202   
637    260   
637    198   
637    561   
637    63    
637    71    
637    609   
637    404   
637    454   
637    759   
637    426   
79     65    
79     260   
79     334   
79     90    
79     181   
152    955   
152    260   
152    947   
152    991   
152    226   
152    359   
152    465   
941    260   
941    703   
941    746   
941    185   
432    449   
432    452   
432    260   
432    190   
432    462   
432    788   
432    244   
432    319   
338    260   
338    663   
338    336   
338    741   
338    902   
338    639   
395    272   
395    676   
395    333   
395    906   
395    495   
938    762   
938    225   
938    357   
938    27    
938    693   
938    657   
938    161   
938    595   
496    224   
496    357   
496    349   
496    138   
496    166   
496    834   
496    916   
496    439   
496    822   
208    357   
208    363   
208    192   
208    575   
208    823   
208    373   
198    761   
198    573   
198    357   
198    637   
198    424   
198    925   
571    538   
571    301   
571    202   
571    357   
571    960   
571    600   
571    213   
223    494   
223    357   
223    275   
223    364   
223    689   
223    917   
223    907   
223    370   
510    337   
510    357   
510    979   
510    965   
510    834   
510    423   
510    833   
510    369   
72     415   
72     12    
72     866   
72     237   
72     215   
72     361   
72     416   
72     478   
72     545   
72     670   
72     741   
72     934   
17     620   
17     485   
17     415   
17     660   
17     529   
17     83    
17     606   
17     785   
190    415   
190    432   
190    26    
190    658   
751    641   
751    415   
751    568   
751    135   
751    124   
751    964   
930    179   
930    415   
930    138   
930    508   
930    642   
376    415   
376    241   
376    574   
376    779   
7      168   
7      626   
7      648   
7      713   
7      987   
168    736   
168    891   
168    7     
168    312   
168    591   
626    7     
626    829   
626    132   
626    993   
626    922   
648    526   
648    7     
648    660   
648    576   
648    578   
648    200   
648    330   
648    621   
713    7     
713    32    
713    997   
713    49    
713    78    
713    811   
713    396   
713    616   
987    7     
987    27    
987    289   
987    306   
987    663   
312    168   
312    206   
312    849   
312    29    
312    22    
312    781   
312    399   
312    329   
312    351   
312    368   
312    850   
591    168   
591    216   
591    999   
591    377   
591    378   
591    412   
829    626   
829    885   
829    277   
829    902   
829    130   
829    431   
132    626   
132    462   
132    998   
132    896   
132    456   
993    626   
993    478   
993    205   
993    170   
993    491   
993    238   
993    456   
993    721   
922    626   
922    567   
922    427   
922    307   
922    980   
660    440   
660    638   
660    17    
660    648   
660    857   
660    334   
660    335   
660    90    
660    118   
660    461   
576    480   
576    648   
576    237   
576    589   
576    685   
576    59    
576    805   
578    648   
578    254   
578    398   
578    76    
578    362   
200    648   
200    304   
200    99    
200    727   
330    608   
330    648   
330    462   
330    654   
330    587   
621    648   
621    741   
621    349   
621    466   
621    482   
32     713   
32     8     
32     136   
32     827   
997    62    
997    713   
997    14    
997    694   
997    67    
997    154   
997    932   
997    106   
49     713   
49     323   
49     335   
49     230   
78     713   
78     605   
78     628   
78     639   
811    713   
811    182   
811    623   
811    943   
811    776   
811    371   
811    105   
811    612   
811    706   
811    127   
396    411   
396    713   
396    882   
396    598   
396    110   
396    318   
616    713   
616    879   
616    541   
616    530   
616    256   
616    164   
616    720   
27     938   
27     987   
27     77    
27     333   
27     454   
27     459   
27     890   
289    987   
289    58    
289    437   
306    987   
306    838   
306    114   
663    338   
663    987   
663    740   
663    293   
663    269   
663    893   
8      32    
8      341   
8      768   
8      782   
341    8     
341    872   
341    666   
341    649   
341    876   
768    617   
768    8     
768    652   
768    102   
768    374   
768    216   
782    8     
782    304   
782    470   
136    32    
136    19    
136    37    
136    590   
136    828   
136    99    
827    761   
827    32    
827    625   
827    673   
827    389   
872    341   
872    693   
872    273   
872    107   
872    798   
666    341   
666    635   
666    201   
649    677   
649    341   
649    218   
649    511   
876    458   
876    341   
876    613   
876    856   
876    587   
652    768   
652    945   
652    54    
652    598   
652    959   
102    715   
102    768   
102    915   
102    907   
102    423   
102    325   
374    768   
374    218   
374    138   
374    603   
374    903   
374    116   
374    931   
216    229   
216    591   
216    768   
216    155   
216    171   
216    802   
216    423   
304    728   
304    200   
304    782   
304    138   
304    329   
304    293   
470    782   
470    206   
470    959   
16     9     
16     322   
16     623   
16     879   
16     880   
182    9     
182    811   
182    274   
182    869   
778    9     
778    928   
778    541   
778    232   
778    492   
778    952   
778    385   
778    712   
778    365   
778    773   
322    15    
322    16    
322    687   
322    388   
322    809   
322    421   
322    604   
623    811   
623    16    
623    658   
623    950   
623    68    
623    664   
623    797   
879    229   
879    710   
879    616   
879    16    
879    475   
879    425   
879    214   
879    170   
879    969   
879    446   
879    661   
880    16    
880    529   
880    57    
880    323   
880    316   
880    799   
880    816   
880    873   
274    182   
274    114   
274    220   
274    422   
274    319   
869    182   
869    858   
31     840   
31     225   
31     553   
31     199   
31     961   
31     603   
31     925   
405    225   
405    324   
405    63    
405    96    
928    778   
928    183   
928    21    
928    270   
928    74    
928    138   
928    646   
541    870   
541    830   
541    616   
541    778   
541    785   
541    246   
541    33    
541    552   
541    255   
541    266   
232    296   
232    778   
232    89    
232    888   
492    778   
492    947   
492    603   
492    98    
492    718   
492    378   
492    495   
492    242   
952    778   
952    965   
952    111   
952    805   
952    444   
952    153   
385    778   
385    944   
385    291   
385    732   
385    324   
385    443   
385    533   
385    148   
385    245   
712    778   
712    218   
712    850   
712    904   
712    269   
365    337   
365    778   
365    605   
365    625   
365    255   
365    248   
773    778   
773    527   
773    996   
773    639   
10     227   
10     944   
10     956   
227    203   
227    10    
227    568   
227    183   
227    239   
227    313   
227    795   
227    954   
944    385   
944    10    
944    556   
944    26    
944    497   
944    280   
944    336   
944    989   
956    301   
956    70    
956    10    
956    115   
568    751   
568    227   
568    644   
568    323   
568    855   
568    389   
568    103   
568    490   
568    58    
183    560   
183    65    
183    928   
183    227   
183    542   
183    135   
183    905   
183    80    
183    495   
239    227   
239    656   
239    106   
239    509   
239    828   
239    845   
239    445   
313    227   
313    850   
313    201   
313    678   
313    178   
795    480   
795    227   
795    277   
795    349   
795    976   
954    227   
954    970   
954    333   
556    544   
556    944   
556    550   
556    39    
556    167   
556    22    
556    746   
26     190   
26     944   
26     671   
26     527   
26     622   
497    867   
497    944   
497    66    
497    196   
497    56    
497    711   
497    740   
497    273   
497    378   
497    958   
280    841   
280    944   
280    799   
280    816   
280    704   
280    386   
280    391   
336    338   
336    944   
336    479   
336    562   
989    944   
989    629   
989    847   
115    800   
115    672   
115    956   
115    263   
115    821   
11     860   
11     275   
11     291   
11     837   
275    458   
275    223   
275    11    
275    186   
291    565   
291    385   
291    11    
291    671   
291    770   
291    290   
291    732   
837    11    
837    999   
837    66    
837    483   
837    897   
837    848   
186    275   
186    839   
186    379   
186    890   
186    935   
186    58    
186    412   
186    691   
186    759   
671    26    
671    291   
671    237   
671    548   
671    704   
671    111   
770    411   
770    291   
770    144   
770    635   
770    254   
770    916   
770    104   
290    296   
290    291   
290    979   
290    673   
290    314   
290    801   
290    345   
290    195   
290    110   
290    908   
732    385   
732    291   
732    335   
732    390   
999    591   
999    837   
999    14    
999    173   
66     60    
66     497   
66     837   
66     885   
66     20    
66     150   
66     155   
483    840   
483    837   
483    700   
483    636   
483    50    
897    837   
897    140   
897    349   
848    837   
848    606   
848    813   
848    265   
45     179   
45     860   
45     523   
45     247   
45     348   
45     618   
45     711   
724    860   
724    269   
724    390   
12     72    
12     89    
12     144   
12     309   
12     453   
12     687   
12     866   
12     943   
89     232   
89     12    
89     383   
89     218   
89     231   
89     700   
144    197   
144    770   
144    12    
144    142   
144    206   
144    647   
309    12    
309    43    
309    681   
453    12    
453    527   
453    656   
453    252   
687    337   
687    322   
687    12    
687    523   
687    690   
687    364   
866    474   
866    72    
866    12    
866    835   
866    885   
866    697   
866    177   
866    277   
943    811   
943    12    
943    250   
943    467   
943    644   
237    955   
237    70    
237    296   
237    72    
237    576   
237    671   
237    462   
237    253   
237    230   
237    679   
237    607   
215    224   
215    72    
215    857   
215    669   
215    708   
215    819   
215    539   
215    562   
215    884   
361    722   
361    72    
361    625   
361    104   
361    772   
416    72    
416    328   
416    998   
416    220   
416    817   
478    710   
478    72    
478    993   
478    946   
478    81    
545    72    
545    534   
545    310   
670    305   
670    72    
670    467   
670    82    
741    338   
741    72    
741    621   
741    904   
741    133   
934    207   
934    72    
934    832   
383    764   
383    434   
383    89    
383    77    
383    91    
383    355   
383    536   
383    942   
383    157   
218    649   
218    374   
218    712   
218    89    
218    142   
218    740   
218    631   
231    89    
231    673   
231    226   
231    222   
700    483   
700    89    
700    515   
142    144   
142    218   
142    690   
142    619   
142    53    
142    695   
142    355   
142    814   
142    34    
142    826   
142    176   
206    463   
206    312   
206    470   
206    144   
206    961   
206    807   
206    454   
206    148   
647    144   
647    950   
43     986   
43     309   
43     343   
43     552   
43     212   
43     131   
681    309   
681    130   
681    443   
681    370   
681    631   
681    607   
527    773   
527    26    
527    453   
527    509   
527    77    
527    515   
527    171   
527    532   
527    404   
527    471   
656    239   
656    453   
656    64    
656    230   
656    642   
252    453   
252    263   
252    137   
252    268   
523    45    
523    687   
523    998   
523    491   
690    804   
690    617   
690    687   
690    142   
690    446   
690    71    
690    746   
690    976   
364    223   
364    687   
364    791   
364    379   
364    886   
364    422   
835    62    
835    866   
835    316   
835    898   
835    669   
835    964   
835    450   
885    829   
885    66    
885    866   
885    112   
885    125   
697    70    
697    866   
697    466   
697    371   
697    931   
697    642   
177    841   
177    866   
177    809   
177    404   
177    692   
277    261   
277    829   
277    795   
277    866   
277    886   
277    382   
277    704   
250    943   
250    37    
250    298   
467    179   
467    943   
467    670   
467    816   
467    512   
467    171   
467    266   
467    536   
467    153   
644    568   
644    943   
644    915   
644    380   
644    783   
644    201   
644    506   
553    877   
553    207   
553    70    
553    31    
553    404   
553    894   
619    207   
619    995   
619    142   
619    542   
619    650   
619    965   
619    44    
619    346   
619    581   
287    207   
287    173   
287    750   
287    854   
287    972   
550    634   
550    556   
550    47    
550    522   
550    367   
550    916   
324    634   
324    405   
324    385   
324    343   
324    729   
324    584   
324    302   
324    332   
324    113   
356    15    
356    984   
356    20    
356    21    
356    204   
356    41    
356    85    
356    615   
839    984   
839    186   
839    417   
839    38    
839    720   
39     984   
39     556   
39     894   
39     180   
39     129   
276    984   
276    469   
276    64    
276    339   
276    718   
196    984   
196    497   
196    138   
196    902   
196    175   
960    197   
960    984   
960    571   
960    442   
960    763   
960    980   
960    588   
960    674   
960    921   
960    601   
960    141   
205    984   
205    993   
205    950   
205    288   
205    691   
570    560   
570    984   
570    480   
14     997   
14     999   
14     35    
14     343   
35     14    
35     199   
35     632   
35     726   
35     927   
343    43    
343    324   
343    14    
343    475   
343    757   
343    567   
199    31    
199    35    
199    172   
199    855   
632    35    
632    763   
632    530   
632    125   
726    35    
726    101   
726    575   
927    35    
927    41    
475    879   
475    343   
475    979   
475    101   
475    776   
475    667   
475    613   
757    343   
757    129   
567    922   
567    343   
567    442   
567    605   
567    302   
567    445   
694    722   
694    997   
694    28    
694    443   
67     197   
67     997   
67     907   
67     920   
67     295   
154    997   
154    101   
154    436   
154    481   
154    654   
932    686   
932    997   
932    101   
932    135   
932    151   
932    520   
932    536   
106    997   
106    239   
106    348   
106    772   
106    500   
173    145   
173    999   
173    287   
173    41    
173    996   
167    15    
167    556   
167    172   
167    766   
172    199   
172    167   
172    68    
172    469   
172    263   
172    379   
766    789   
766    167   
766    76    
388    322   
388    57    
388    788   
388    111   
388    345   
809    322   
809    177   
809    355   
809    684   
809    153   
421    322   
421    737   
421    951   
604    620   
604    350   
604    322   
20     66    
20     356   
20     785   
20     349   
20     512   
20     518   
21     867   
21     715   
21     891   
21     928   
21     356   
21     69    
21     241   
21     380   
21     733   
21     794   
21     961   
204    356   
204    34    
41     717   
41     356   
41     927   
41     173   
41     362   
41     685   
41     818   
41     913   
85     308   
85     160   
85     356   
85     529   
85     965   
85     692   
85     300   
85     372   
615    356   
615    756   
658    190   
658    623   
658    166   
658    894   
658    34    
658    813   
950    301   
950    623   
950    647   
950    205   
950    64    
950    708   
950    743   
950    631   
950    420   
950    444   
950    994   
68     623   
68     172   
68     979   
68     460   
68     653   
664    261   
664    128   
664    623   
664    990   
664    970   
664    91    
664    610   
664    484   
664    134   
664    373   
797    411   
797    730   
797    296   
797    623   
797    756   
797    720   
797    976   
797    104   
797    332   
425    879   
425    535   
425    903   
425    42    
425    640   
425    801   
425    630   
214    879   
214    990   
214    744   
214    91    
214    532   
214    456   
170    993   
170    879   
170    461   
170    531   
170    985   
170    340   
170    122   
170    957   
969    360   
969    879   
969    926   
969    328   
969    345   
969    998   
969    654   
969    769   
446    879   
446    690   
446    384   
446    517   
661    879   
661    441   
661    898   
661    534   
529    17    
529    880   
529    85    
529    77    
529    542   
529    849   
529    857   
57     874   
57     880   
57     388   
57     22    
57     377   
57     863   
323    49    
323    880   
323    568   
323    508   
316    224   
316    880   
316    835   
316    443   
316    580   
316    127   
799    880   
799    280   
799    548   
799    818   
816    995   
816    880   
816    280   
816    467   
816    622   
816    729   
816    842   
816    959   
816    878   
873    880   
873    566   
873    500   
83     17    
83     174   
83     561   
83     63    
83     509   
606    62    
606    17    
606    848   
606    109   
606    264   
785    17    
785    541   
785    20    
785    462   
785    52    
785    243   
785    915   
785    469   
785    862   
785    438   
174    719   
174    83    
174    590   
174    59    
174    386   
174    699   
561    867   
561    637   
561    83    
561    702   
561    61    
561    436   
561    554   
63     955   
63     637   
63     405   
63     83    
63     384   
509    239   
509    527   
509    83    
509    394   
509    701   
509    300   
427    758   
427    485   
427    922   
427    166   
427    61    
427    450   
947    485   
947    152   
947    492   
947    314   
947    701   
947    456   
211    986   
211    485   
211    557   
77     27    
77     383   
77     527   
77     529   
77     246   
542    183   
542    619   
542    529   
542    466   
542    455   
542    42    
849    312   
849    529   
849    332   
849    456   
849    126   
857    261   
857    660   
857    215   
857    529   
857    166   
857    683   
109    864   
109    123   
109    606   
109    744   
109    254   
109    212   
109    129   
109    120   
264    606   
264    888   
413    620   
413    161   
413    507   
334    403   
334    79    
334    660   
334    18    
334    979   
334    75    
335    660   
335    49    
335    732   
335    451   
335    397   
335    180   
335    448   
335    612   
90     79    
90     660   
90     210   
118    660   
118    441   
118    657   
118    964   
118    820   
118    574   
461    660   
461    170   
461    990   
461    423   
461    698   
462    432   
462    132   
462    330   
462    237   
462    785   
462    24    
52     434   
52     785   
52     912   
52     936   
243    301   
243    305   
243    785   
243    99    
243    94    
243    268   
915    102   
915    644   
915    785   
915    881   
915    691   
915    796   
469    276   
469    172   
469    785   
469    298   
469    994   
862    800   
862    995   
862    785   
862    518   
862    384   
438    785   
438    985   
438    826   
18     452   
18     334   
18     140   
18     535   
18     564   
140    784   
140    897   
140    18    
140    64    
140    990   
535    224   
535    425   
535    18    
535    29    
535    636   
564    18    
564    47    
564    787   
64     308   
64     656   
64     276   
64     950   
64     140   
64     532   
64     116   
64     847   
64     911   
990    664   
990    214   
990    461   
990    140   
990    471   
990    297   
979    892   
979    510   
979    290   
979    475   
979    68    
979    334   
979    970   
979    595   
979    33    
979    103   
979    354   
75     617   
75     334   
75     399   
75     166   
75     842   
75     234   
257    452   
257    50    
257    347   
257    359   
257    484   
292    710   
292    452   
292    88    
292    806   
101    411   
101    853   
101    452   
101    726   
101    475   
101    154   
101    932   
101    640   
101    251   
101    500   
101    159   
633    452   
633    166   
633    307   
633    569   
633    342   
29     312   
29     535   
636    483   
636    535   
636    37    
636    980   
636    187   
47     550   
47     564   
47     441   
47     831   
47     490   
787    874   
787    564   
787    94    
787    765   
787    439   
19     136   
19     73    
19     791   
73     19    
73     253   
73     267   
73     635   
73     689   
73     838   
791    364   
791    19    
791    703   
253    237   
253    73    
253    130   
253    302   
253    551   
253    859   
267    73    
267    953   
267    479   
267    754   
635    666   
635    770   
635    73    
635    349   
635    786   
635    630   
635    740   
635    414   
689    320   
689    223   
689    73    
689    655   
838    306   
838    73    
838    328   
838    238   
37     722   
37     136   
37     250   
37     636   
37     846   
37     119   
37     254   
590    202   
590    136   
590    174   
590    673   
590    825   
590    42    
590    725   
590    248   
590    953   
828    136   
828    239   
828    737   
828    114   
828    169   
828    486   
828    992   
828    86    
99     202   
99     200   
99     136   
99     243   
99     599   
703    864   
703    717   
703    941   
703    791   
703    788   
703    937   
703    580   
703    861   
349    496   
349    621   
349    795   
349    897   
349    20    
349    635   
349    315   
349    71    
349    981   
349    299   
512    467   
512    20    
512    311   
512    776   
512    597   
518    20    
518    862   
518    263   
518    417   
518    487   
518    910   
518    418   
150    66    
150    149   
150    645   
150    95    
155    353   
155    216   
155    66    
315    780   
315    349   
315    181   
315    725   
315    44    
71     637   
71     690   
71     349   
71     718   
71     493   
71     939   
981    349   
981    505   
981    491   
981    95    
981    833   
299    480   
299    349   
299    900   
299    720   
299    769   
311    224   
311    512   
311    448   
311    859   
311    833   
776    811   
776    475   
776    512   
776    850   
776    514   
776    402   
776    269   
597    449   
597    512   
597    394   
597    854   
263    686   
263    115   
263    252   
263    172   
263    518   
263    515   
263    884   
417    839   
417    518   
417    399   
417    582   
417    210   
417    974   
487    400   
487    518   
487    593   
487    436   
487    269   
910    463   
910    518   
910    824   
910    980   
910    479   
910    895   
910    754   
910    282   
910    580   
418    638   
418    722   
418    518   
418    471   
69     21    
69     363   
69     524   
69     650   
69     962   
241    376   
241    21    
241    737   
241    379   
241    270   
241    442   
380    644   
380    21    
380    441   
380    135   
380    991   
380    970   
733    986   
733    21    
733    886   
794    21    
794    382   
794    543   
794    783   
961    31    
961    206   
961    21    
961    737   
961    499   
961    889   
363    208   
363    69    
363    562   
363    175   
363    245   
524    877   
524    308   
524    69    
524    515   
650    403   
650    619   
650    69    
650    412   
650    217   
650    414   
962    69    
962    738   
962    569   
962    265   
737    560   
737    55    
737    421   
737    828   
737    241   
737    961   
737    38    
737    557   
379    891   
379    186   
379    364   
379    172   
379    241   
379    97    
379    601   
270    928   
270    241   
270    783   
270    531   
270    900   
270    810   
270    587   
442    960   
442    567   
442    241   
442    921   
442    645   
441    661   
441    118   
441    47    
441    380   
441    351   
441    976   
441    222   
135    751   
135    183   
135    932   
135    380   
135    129   
135    536   
135    537   
135    285   
991    353   
991    152   
991    380   
991    675   
970    458   
970    954   
970    664   
970    979   
970    380   
970    640   
970    348   
912    715   
912    874   
912    52    
912    404   
912    516   
912    581   
912    871   
912    258   
912    948   
53     715   
53     949   
53     719   
53     142   
53     382   
53     763   
605    966   
605    715   
605    78    
605    365   
605    567   
339    715   
339    276   
339    624   
667    715   
667    475   
667    515   
886    949   
886    364   
886    277   
886    733   
886    516   
382    870   
382    784   
382    641   
382    277   
382    794   
382    53    
382    907   
382    409   
382    482   
543    794   
543    219   
783    780   
783    644   
783    794   
783    270   
783    899   
763    891   
763    960   
763    632   
763    53    
763    603   
763    701   
763    431   
763    754   
100    891   
100    907   
100    942   
74     928   
74     489   
74     151   
74     508   
74     832   
138    496   
138    930   
138    374   
138    304   
138    928   
138    196   
138    756   
138    125   
138    195   
138    574   
138    285   
646    305   
646    928   
646    279   
646    998   
499    641   
499    403   
499    961   
499    898   
499    887   
499    948   
499    547   
889    961   
889    750   
889    431   
889    555   
22     228   
22     312   
22     556   
22     57    
22     609   
22     625   
22     734   
22     788   
22     936   
609    637   
609    22    
609    902   
609    586   
625    853   
625    827   
625    365   
625    361   
625    22    
625    321   
625    230   
625    744   
625    680   
625    515   
625    988   
734    800   
734    22    
734    926   
788    830   
788    432   
788    388   
788    703   
788    22    
788    917   
788    281   
936    52    
936    22    
936    351   
377    591   
377    57    
377    348   
863    57    
863    397   
863    340   
863    479   
244    228   
244    432   
244    680   
244    375   
244    61    
384    308   
384    228   
384    446   
384    63    
384    862   
384    192   
384    614   
384    504   
384    221   
435    228   
435    923   
435    699   
676    228   
676    395   
676    329   
676    926   
676    557   
676    819   
781    312   
781    23    
781    130   
781    156   
781    201   
781    613   
399    312   
399    75    
399    417   
399    156   
399    566   
329    312   
329    304   
329    676   
329    532   
329    655   
351    312   
351    441   
351    936   
351    554   
368    312   
368    964   
368    331   
368    502   
850    864   
850    312   
850    712   
850    313   
850    776   
746    764   
746    941   
746    556   
746    690   
746    222   
746    121   
902    337   
902    338   
902    829   
902    196   
902    609   
902    404   
902    574   
586    538   
586    609   
586    945   
586    587   
321    625   
321    669   
321    42    
321    358   
321    582   
230    49    
230    237   
230    656   
230    625   
230    935   
230    842   
744    411   
744    480   
744    214   
744    109   
744    625   
680    301   
680    625   
680    244   
680    846   
680    394   
680    222   
680    901   
680    245   
680    796   
680    141   
680    153   
515    955   
515    700   
515    527   
515    263   
515    524   
515    667   
515    625   
515    465   
515    213   
988    625   
988    575   
988    683   
988    326   
926    969   
926    734   
926    676   
926    695   
926    178   
917    223   
917    788   
917    297   
917    319   
281    526   
281    788   
23     781   
23     137   
23     965   
137    252   
137    23    
137    846   
137    907   
965    510   
965    952   
965    619   
965    85    
965    23    
965    807   
965    489   
965    904   
846    320   
846    37    
846    680   
846    137   
846    367   
846    328   
846    398   
846    812   
907    305   
907    223   
907    102   
907    67    
907    382   
907    100   
907    137   
907    937   
907    151   
907    420   
130    829   
130    681   
130    253   
130    781   
130    279   
130    300   
156    975   
156    781   
156    399   
156    195   
156    302   
201    411   
201    381   
201    666   
201    313   
201    644   
201    781   
201    901   
201    684   
201    366   
201    369   
613    876   
613    475   
613    781   
613    898   
613    340   
613    754   
613    760   
807    206   
807    965   
807    58    
807    611   
807    410   
489    70    
489    74    
489    965   
489    575   
489    569   
904    712   
904    741   
904    965   
904    371   
904    822   
24     462   
25     344   
25     451   
25     682   
25     898   
451    411   
451    717   
451    335   
451    25    
451    786   
451    945   
682    25    
898    835   
898    661   
898    499   
898    613   
898    25    
898    599   
898    91    
898    387   
898    793   
824    344   
824    910   
824    38    
824    212   
824    765   
824    288   
920    344   
920    350   
920    67    
920    340   
424    641   
424    344   
424    198   
424    97    
424    354   
424    939   
419    344   
419    882   
786    635   
786    451   
786    103   
786    580   
945    652   
945    586   
945    451   
945    610   
599    99    
599    898   
599    50    
599    914   
599    895   
599    594   
599    921   
91     383   
91     664   
91     214   
91     898   
91     295   
91     348   
91     914   
91     858   
387    898   
387    124   
387    582   
387    896   
387    574   
793    898   
793    372   
793    472   
622    26    
622    816   
622    114   
622    477   
171    216   
171    527   
171    467   
171    50    
171    251   
171    790   
532    771   
532    527   
532    214   
532    64    
532    329   
532    493   
404    538   
404    784   
404    637   
404    527   
404    177   
404    553   
404    912   
404    902   
404    420   
404    80    
404    716   
471    527   
471    990   
471    418   
471    887   
114    306   
114    274   
114    828   
114    622   
114    673   
114    148   
114    352   
477    622   
477    708   
477    750   
477    193   
477    674   
548    546   
548    671   
548    799   
548    443   
548    491   
548    46    
704    280   
704    671   
704    277   
704    685   
704    87    
704    574   
704    445   
111    841   
111    952   
111    671   
111    388   
111    454   
111    582   
111    258   
333    395   
333    27    
333    954   
333    603   
333    971   
454    637   
454    27    
454    206   
454    111   
459    27    
459    531   
890    27    
890    186   
890    143   
890    745   
246    474   
246    541   
246    77    
246    255   
246    883   
603    717   
603    374   
603    31    
603    492   
603    763   
603    333   
603    695   
971    333   
971    107   
531    170   
531    270   
531    459   
531    814   
531    401   
531    302   
531    127   
143    890   
143    347   
143    476   
745    890   
745    803   
745    258   
693    938   
693    872   
693    54    
693    525   
657    938   
657    118   
161    938   
161    413   
161    896   
161    806   
595    938   
595    979   
595    256   
595    314   
595    810   
595    242   
28     202   
28     694   
28     466   
466    621   
466    697   
466    542   
466    28    
466    133   
466    397   
466    514   
166    480   
166    202   
166    296   
166    496   
166    658   
166    427   
166    857   
166    75    
166    633   
166    192   
166    720   
166    428   
166    602   
166    742   
887    202   
887    499   
887    471   
887    181   
688    202   
688    722   
688    695   
856    736   
856    202   
856    876   
133    741   
133    466   
133    314   
133    162   
133    528   
397    596   
397    335   
397    863   
397    466   
397    939   
397    265   
397    859   
514    776   
514    466   
514    775   
514    678   
443    385   
443    681   
443    694   
443    316   
443    548   
443    80    
443    242   
443    854   
94     538   
94     30    
94     243   
94     787   
94     530   
94     112   
94     233   
94     271   
94     317   
94     593   
94     985   
98     30    
98     492   
98     589   
192    923   
192    30    
192    208   
192    384   
192    166   
192    295   
192    97    
192    259   
192    669   
530    30    
530    616   
530    632   
530    94    
530    718   
530    181   
530    124   
530    935   
530    708   
530    834   
112    885   
112    94    
112    894   
112    692   
233    94    
233    176   
233    188   
233    310   
233    806   
271    160   
271    94    
271    295   
271    925   
271    457   
271    460   
271    551   
271    331   
317    573   
317    94    
317    593   
317    175   
593    710   
593    487   
593    94    
593    317   
593    370   
593    362   
593    220   
593    141   
985    170   
985    438   
985    94    
589    576   
589    98    
589    367   
589    159   
295    67    
295    91    
295    192   
295    271   
295    56    
295    258   
295    948   
295    428   
97     761   
97     379   
97     424   
97     192   
259    686   
259    192   
259    913   
669    215   
669    835   
669    321   
669    192   
669    429   
718    494   
718    492   
718    276   
718    71    
718    530   
718    629   
718    924   
718    407   
181    79    
181    315   
181    887   
181    530   
181    303   
181    195   
181    221   
181    549   
181    662   
181    878   
124    751   
124    387   
124    530   
935    186   
935    230   
935    530   
935    327   
935    162   
935    678   
708    215   
708    950   
708    477   
708    530   
708    212   
708    612   
708    964   
834    496   
834    510   
834    530   
834    801   
925    198   
925    31    
925    271   
925    169   
925    906   
855    568   
855    199   
855    731   
894    553   
894    39    
894    658   
894    112   
894    460   
894    674   
695    538   
695    142   
695    926   
695    603   
695    688   
695    327   
695    847   
695    716   
169    641   
169    828   
169    925   
906    395   
906    925   
673    827   
673    290   
673    231   
673    590   
673    114   
673    765   
673    871   
673    699   
673    500   
673    488   
389    827   
389    568   
389    119   
389    516   
389    258   
389    918   
33     762   
33     541   
33     979   
33     327   
33     355   
33     629   
33     731   
327    761   
327    474   
327    935   
327    695   
327    33    
327    522   
327    814   
327    340   
327    750   
327    924   
355    546   
355    197   
355    383   
355    142   
355    809   
355    33    
355    247   
629    989   
629    718   
629    33    
629    775   
629    307   
731    949   
731    855   
731    33    
731    256   
731    679   
522    128   
522    550   
522    327   
522    691   
522    406   
814    305   
814    400   
814    142   
814    531   
814    327   
814    429   
814    481   
340    360   
340    170   
340    863   
340    613   
340    920   
340    327   
340    939   
340    823   
750    287   
750    889   
750    477   
750    327   
750    655   
750    600   
750    402   
924    718   
924    327   
924    679   
924    698   
247    45    
247    355   
247    188   
247    659   
552    541   
552    43    
552    735   
255    541   
255    365   
255    246   
255    457   
255    982   
255    502   
266    541   
266    467   
266    288   
266    729   
775    514   
775    629   
775    245   
307    922   
307    633   
307    629   
307    516   
256    458   
256    616   
256    595   
256    731   
256    557   
256    76    
256    302   
256    566   
256    942   
256    540   
679    237   
679    731   
679    924   
679    455   
679    933   
679    540   
756    762   
756    615   
756    797   
756    138   
756    151   
756    819   
756    908   
226    762   
226    152   
226    231   
226    569   
226    372   
226    777   
226    293   
370    762   
370    223   
370    681   
370    593   
429    762   
429    669   
429    814   
429    818   
103    568   
103    979   
103    786   
103    579   
354    641   
354    979   
354    424   
354    702   
354    802   
354    743   
34     142   
34     204   
34     658   
34     193   
34     371   
34     375   
34     738   
193    477   
193    34    
193    753   
193    503   
371    811   
371    697   
371    904   
371    34    
371    56    
371    314   
371    996   
371    505   
375    65    
375    672   
375    296   
375    244   
375    34    
375    163   
375    937   
738    962   
738    34    
738    692   
738    367   
738    457   
826    717   
826    142   
826    438   
826    575   
826    119   
826    498   
826    779   
176    308   
176    142   
176    233   
176    729   
176    373   
176    555   
176    852   
753    55    
753    193   
753    398   
503    638   
503    193   
503    242   
503    465   
56     497   
56     295   
56     371   
56     871   
56     802   
314    290   
314    947   
314    595   
314    133   
314    371   
314    318   
996    773   
996    173   
996    371   
996    430   
996    643   
505    981   
505    371   
163    710   
163    375   
163    348   
163    584   
163    639   
937    703   
937    907   
937    375   
937    398   
937    450   
813    848   
813    658   
813    765   
813    508   
813    234   
692    177   
692    85    
692    112   
692    738   
692    992   
367    550   
367    846   
367    589   
367    738   
367    516   
367    976   
367    236   
457    271   
457    255   
457    738   
457    868   
457    832   
457    748   
125    892   
125    641   
125    885   
125    632   
125    138   
125    562   
575    784   
575    208   
575    726   
575    988   
575    489   
575    826   
575    551   
36     162   
162    780   
162    133   
162    935   
162    36    
162    180   
162    900   
180    108   
180    39    
180    335   
180    162   
180    151   
180    825   
900    804   
900    299   
900    270   
900    162   
900    318   
119    37    
119    389   
119    826   
119    164   
119    516   
119    714   
119    980   
254    203   
254    578   
254    770   
254    109   
254    37    
164    672   
164    616   
164    119   
164    678   
164    805   
164    302   
164    194   
164    587   
164    769   
516    912   
516    886   
516    389   
516    307   
516    367   
516    119   
516    484   
516    772   
516    675   
714    411   
714    119   
714    468   
980    764   
980    922   
980    960   
980    636   
980    910   
980    119   
298    784   
298    350   
298    250   
298    469   
298    479   
298    84    
298    191   
298    600   
298    601   
187    51    
187    381   
187    636   
187    913   
187    624   
328    416   
328    969   
328    838   
328    846   
328    437   
328    519   
328    302   
328    698   
398    578   
398    846   
398    753   
398    937   
398    716   
812    846   
812    450   
812    662   
38     839   
38     737   
38     824   
38     433   
433    38    
433    105   
433    903   
433    188   
433    882   
105    853   
105    811   
105    433   
105    525   
105    896   
105    806   
903    374   
903    425   
903    433   
903    151   
188    233   
188    247   
188    433   
188    303   
882    396   
882    419   
882    433   
557    211   
557    737   
557    676   
557    256   
557    346   
557    893   
212    43    
212    109   
212    824   
212    708   
212    348   
212    508   
765    787   
765    824   
765    673   
765    813   
765    484   
765    54    
765    104   
288    205   
288    824   
288    266   
288    554   
288    519   
288    507   
720    616   
720    839   
720    797   
720    299   
720    166   
129    39    
129    757   
129    109   
129    135   
129    588   
588    960   
588    129   
588    346   
588    221   
151    932   
151    74    
151    907   
151    756   
151    180   
151    903   
151    520   
825    590   
825    180   
825    236   
825    982   
460    68    
460    271   
460    894   
460    279   
674    960   
674    477   
674    894   
674    706   
40     455   
455    301   
455    672   
455    542   
455    679   
455    40    
455    76    
76     789   
76     578   
76     766   
76     256   
76     455   
76     521   
362    578   
362    41    
362    593   
362    831   
685    576   
685    41    
685    704   
685    881   
818    474   
818    41    
818    799   
818    429   
818    735   
818    815   
913    41    
913    259   
913    187   
831    320   
831    47    
831    362   
831    842   
831    286   
881    160   
881    915   
881    685   
735    877   
735    552   
735    818   
735    110   
815    818   
815    847   
815    662   
42     425   
42     542   
42     590   
42     321   
42     520   
42     702   
42     967   
520    932   
520    151   
520    42    
520    729   
702    758   
702    561   
702    354   
702    42    
702    59    
967    42    
967    803   
967    976   
967    668   
967    498   
358    70    
358    321   
358    537   
358    342   
358    519   
358    918   
582    179   
582    417   
582    321   
582    387   
582    111   
582    659   
582    219   
582    127   
640    425   
640    101   
640    970   
640    533   
640    539   
640    806   
640    147   
801    789   
801    290   
801    425   
801    834   
801    707   
630    425   
630    635   
630    854   
729    123   
729    324   
729    816   
729    266   
729    176   
729    520   
729    456   
725    590   
725    315   
725    805   
725    117   
725    302   
725    456   
725    331   
725    899   
248    365   
248    590   
248    439   
953    267   
953    590   
59     229   
59     576   
59     174   
59     702   
59     678   
59     178   
59     536   
803    224   
803    160   
803    745   
803    967   
803    262   
976    203   
976    795   
976    690   
976    797   
976    441   
976    367   
976    967   
976    868   
668    967   
668    884   
668    300   
668    559   
498    826   
498    967   
498    539   
131    43    
131    810   
810    270   
810    595   
810    131   
348    45    
348    106   
348    970   
348    377   
348    91    
348    163   
348    212   
508    843   
508    930   
508    323   
508    74    
508    813   
508    212   
508    998   
236    986   
236    367   
236    825   
44     619   
44     315   
44     279   
279    646   
279    130   
279    460   
279    44    
346    619   
346    557   
346    588   
346    643   
581    619   
581    912   
581    536   
581    587   
581    447   
618    400   
618    45    
618    614   
618    394   
711    497   
711    45    
345    179   
345    290   
345    388   
345    969   
345    939   
345    294   
659    247   
659    582   
998    353   
998    526   
998    132   
998    416   
998    523   
998    969   
998    646   
998    508   
998    517   
998    445   
491    360   
491    993   
491    523   
491    981   
491    548   
491    444   
491    153   
614    384   
614    618   
614    121   
614    80    
394    509   
394    597   
394    680   
394    618   
394    213   
46     548   
46     610   
610    480   
610    664   
610    945   
610    46    
610    61    
610    479   
610    683   
61     546   
61     561   
61     427   
61     244   
61     610   
61     701   
61     297   
61     968   
479    145   
479    360   
479    336   
479    267   
479    910   
479    863   
479    298   
479    610   
479    819   
683    857   
683    988   
683    610   
683    294   
490    568   
490    47    
490    284   
222    526   
222    231   
222    441   
222    746   
222    680   
222    992   
222    654   
222    352   
284    490   
916    608   
916    496   
916    770   
916    550   
916    117   
916    488   
842    816   
842    75    
842    230   
842    831   
842    519   
286    831   
286    104   
286    210   
819    55    
819    215   
819    676   
819    756   
819    479   
448    335   
448    311   
448    159   
612    458   
612    811   
612    335   
612    708   
612    662   
50     728   
50     483   
50     257   
50     599   
50     171   
50     905   
905    183   
905    50    
251    101   
251    171   
251    92    
790    171   
790    507   
347    764   
347    257   
347    143   
359    804   
359    261   
359    152   
359    257   
359    378   
484    664   
484    257   
484    516   
484    765   
484    845   
914    599   
914    91    
914    642   
914    555   
895    350   
895    910   
895    599   
895    121   
594    283   
594    599   
594    447   
921    960   
921    442   
921    599   
921    742   
116    728   
116    374   
116    64    
116    401   
563    728   
563    562   
624    229   
624    339   
624    187   
533    434   
533    385   
533    640   
533    159   
871    912   
871    673   
871    56    
258    912   
258    111   
258    745   
258    295   
258    389   
948    440   
948    955   
948    912   
948    499   
948    295   
948    653   
409    382   
482    621   
482    382   
482    654   
701    509   
701    947   
701    763   
701    61    
701    117   
701    883   
431    829   
431    763   
431    889   
431    149   
431    195   
431    549   
431    706   
431    126   
754    267   
754    910   
754    763   
754    613   
572    949   
572    88    
964    949   
964    751   
964    835   
964    118   
964    368   
964    708   
964    896   
901    949   
901    680   
901    201   
54     652   
54     693   
54     765   
54     148   
148    385   
148    206   
148    114   
148    54    
598    396   
598    652   
959    652   
959    470   
959    816   
959    933   
525    693   
525    105   
525    678   
525    87    
104    770   
104    361   
104    797   
104    765   
104    286   
104    888   
104    96    
104    992   
104    147   
802    360   
802    216   
802    354   
802    56    
428    166   
428    295   
428    574   
428    858   
428    352   
740    565   
740    663   
740    497   
740    218   
740    635   
740    178   
740    504   
273    872   
273    497   
378    804   
378    591   
378    492   
378    497   
378    359   
958    877   
958    497   
958    972   
958    858   
888    874   
888    232   
888    264   
888    104   
896    874   
896    132   
896    387   
896    161   
896    105   
896    964   
896    884   
58     289   
58     568   
58     186   
58     807   
58     423   
58     678   
423    510   
423    102   
423    216   
423    461   
423    58    
423    585   
678    70    
678    313   
678    514   
678    935   
678    164   
678    59    
678    525   
678    58    
678    121   
678    845   
412    591   
412    186   
412    650   
412    87    
412    707   
691    186   
691    205   
691    915   
691    522   
691    977   
759    637   
759    186   
759    911   
759    655   
437    289   
437    328   
437    942   
585    423   
585    318   
585    465   
121    746   
121    614   
121    895   
121    678   
121    884   
845    877   
845    350   
845    239   
845    484   
845    678   
845    884   
611    807   
611    213   
410    337   
410    224   
410    807   
178    313   
178    926   
178    59    
178    740   
178    699   
178    149   
178    303   
536    278   
536    383   
536    467   
536    932   
536    135   
536    59    
536    581   
536    139   
386    929   
386    280   
386    174   
386    858   
386    249   
699    174   
699    435   
699    673   
699    178   
699    426   
149    150   
149    431   
149    178   
303    181   
303    188   
303    178   
303    507   
303    472   
139    536   
139    777   
139    721   
805    576   
805    952   
805    164   
805    725   
805    366   
234    60    
234    75    
234    813   
486    474   
486    60    
486    828   
739    60    
297    841   
297    990   
297    917   
297    61    
297    195   
968    61    
968    868   
968    973   
195    360   
195    290   
195    138   
195    156   
195    181   
195    431   
195    297   
450    835   
450    427   
450    937   
450    812   
450    858   
931    546   
931    784   
931    758   
931    449   
931    686   
931    374   
931    697   
436    154   
436    561   
436    487   
436    721   
554    561   
554    351   
554    288   
117    677   
117    725   
117    916   
117    701   
117    868   
117    293   
883    853   
883    246   
883    701   
868    929   
868    995   
868    457   
868    976   
868    968   
868    117   
868    126   
973    968   
973    918   
933    62    
933    679   
933    959   
820    350   
820    118   
820    551   
820    127   
240    350   
504    384   
504    740   
504    978   
504    84    
504    579   
221    480   
221    384   
221    181   
221    588   
96     405   
96     104   
426    637   
426    699   
426    430   
847    989   
847    64    
847    695   
847    815   
847    939   
911    403   
911    64    
911    759   
911    517   
401    531   
401    116   
401    748   
493    686   
493    71    
493    532   
493    755   
493    262   
493    294   
642    930   
642    656   
642    697   
642    914   
642    602   
642    300   
642    366   
642    126   
939    71    
939    424   
939    397   
939    340   
939    345   
939    847   
517    730   
517    446   
517    998   
517    911   
517    645   
743    950   
743    354   
743    113   
743    940   
631    218   
631    681   
631    950   
420    950   
420    907   
420    404   
420    519   
444    952   
444    950   
444    491   
994    950   
994    469   
220    65    
220    274   
220    416   
220    593   
282    65    
282    910   
282    584   
80     183   
80     404   
80     443   
80     614   
80     946   
80     684   
495    395   
495    492   
495    183   
584    324   
584    163   
584    282   
584    265   
584    521   
584    675   
645    150   
645    442   
645    517   
645    716   
645    87    
95     544   
95     150   
95     981   
95     696   
95     909   
653    68    
653    948   
653    539   
539    800   
539    215   
539    640   
539    498   
539    653   
562    853   
562    336   
562    215   
562    363   
562    125   
562    563   
175    403   
175    196   
175    363   
175    317   
175    217   
245    385   
245    363   
245    680   
245    775   
245    191   
217    301   
217    650   
217    175   
217    777   
414    635   
414    650   
569    633   
569    962   
569    489   
569    226   
265    848   
265    962   
265    397   
265    584   
823    70    
823    208   
823    340   
607    237   
607    681   
537    135   
537    358   
342    145   
342    633   
342    358   
342    310   
519    677   
519    328   
519    288   
519    358   
519    842   
519    420   
519    408   
918    389   
918    358   
918    973   
755    493   
755    134   
755    189   
262    803   
262    493   
262    977   
294    345   
294    683   
294    493   
294    579   
294    992   
407    718   
407    406   
407    836   
884    215   
884    263   
884    668   
884    896   
884    121   
884    845   
772    361   
772    106   
772    516   
772    93    
817    416   
817    506   
946    478   
946    80    
946    506   
81     892   
81     784   
81     478   
534    160   
534    545   
534    661   
310    545   
310    233   
310    342   
82     789   
82     670   
82     706   
832    934   
832    74    
832    457   
832    978   
302    324   
302    567   
302    253   
302    156   
302    531   
302    256   
302    164   
302    328   
302    725   
551    253   
551    271   
551    575   
551    820   
551    185   
859    780   
859    253   
859    311   
859    397   
655    689   
655    329   
655    750   
655    759   
238    565   
238    993   
238    838   
238    628   
978    504   
978    832   
602    166   
602    642   
602    662   
602    555   
742    166   
742    921   
566    480   
566    873   
566    399   
566    256   
521    710   
521    686   
521    76    
521    584   
942    403   
942    383   
942    100   
942    256   
942    437   
942    373   
942    110   
540    256   
540    679   
540    402   
325    305   
325    789   
325    102   
157    128   
157    449   
157    383   
628    78    
628    238   
628    332   
639    672   
639    338   
639    78    
639    773   
639    163   
332    324   
332    797   
332    849   
332    628   
332    796   
210    90    
210    417   
210    286   
210    402   
549    841   
549    780   
549    181   
549    431   
549    113   
662    181   
662    812   
662    815   
662    612   
662    602   
878    816   
878    181   
684    809   
684    201   
684    80    
716    404   
716    695   
716    398   
716    645   
242    492   
242    595   
242    443   
242    503   
242    209   
854    764   
854    287   
854    597   
854    443   
854    630   
506    644   
506    817   
506    946   
796    627   
796    784   
796    915   
796    680   
796    332   
796    760   
706    811   
706    674   
706    431   
706    82    
300    638   
300    296   
300    85    
300    509   
300    130   
300    668   
300    642   
84     298   
84     504   
84     366   
366    278   
366    201   
366    805   
366    642   
366    84    
366    507   
191    298   
191    245   
600    571   
600    750   
600    298   
600    476   
601    960   
601    379   
601    298   
507    413   
507    288   
507    790   
507    303   
507    366   
579    103   
579    504   
579    294   
372    627   
372    853   
372    85    
372    793   
372    226   
372    107   
372    972   
107    872   
107    971   
107    372   
107    982   
972    287   
972    958   
972    372   
992    320   
992    828   
992    692   
992    222   
992    104   
992    294   
86     828   
87     704   
87     525   
87     412   
87     645   
707    801   
707    412   
707    184   
574    376   
574    118   
574    138   
574    902   
574    387   
574    704   
574    428   
445    239   
445    567   
445    704   
445    998   
88     292   
88     572   
806    292   
806    161   
806    233   
806    105   
806    640   
806    430   
402    776   
402    750   
402    540   
402    210   
858    203   
858    869   
858    91    
858    428   
858    958   
858    386   
858    450   
858    189   
456    132   
456    993   
456    214   
456    947   
456    849   
456    729   
456    725   
134    830   
134    664   
134    755   
373    208   
373    664   
373    176   
373    942   
373    209   
189    755   
189    858   
189    269   
189    577   
555    889   
555    176   
555    914   
555    602   
92     251   
93     360   
93     772   
93     774   
774    93    
219    360   
219    543   
219    582   
268    252   
268    243   
268    675   
268    390   
331    368   
331    271   
331    725   
141    960   
141    680   
141    593   
141    249   
439    496   
439    787   
439    248   
696    877   
696    95    
909    843   
909    283   
909    95    
909    500   
500    710   
500    106   
500    873   
500    101   
500    673   
500    909   
833    510   
833    981   
833    311   
833    592   
147    864   
147    494   
147    640   
147    104   
159    101   
159    589   
159    448   
159    533   
727    200   
110    396   
110    290   
110    735   
110    942   
481    154   
481    814   
654    330   
654    154   
654    969   
654    222   
654    482   
983    411   
580    316   
580    703   
580    910   
580    786   
430    996   
430    426   
430    806   
127    573   
127    811   
127    316   
127    531   
127    582   
127    820   
127    422   
982    255   
982    825   
982    107   
982    472   
798    296   
798    872   
472    793   
472    303   
472    982   
120    109   
777    864   
777    226   
777    139   
777    217   
777    698   
908    290   
908    756   
318    396   
318    314   
318    900   
318    585   
153    952   
153    467   
153    809   
153    680   
153    491   
153    974   
113    324   
113    743   
113    549   
113    476   
476    480   
476    638   
476    143   
476    600   
476    113   
940    743   
352    114   
352    222   
352    428   
422    274   
422    364   
422    127   
319    432   
319    274   
319    917   
319    583   
488    673   
488    916   
821    115   
748    457   
748    401   
293    663   
293    304   
293    226   
293    117   
899    783   
899    725   
126    849   
126    431   
126    868   
126    642   
194    164   
587    330   
587    876   
587    270   
587    586   
587    164   
587    581   
769    969   
769    299   
769    164   
675    400   
675    991   
675    516   
675    584   
675    268   
468    714   
779    376   
779    826   
122    170   
957    170   
285    135   
285    138   
406    522   
406    407   
528    133   
822    496   
822    904   
721    993   
721    139   
721    436   
698    461   
698    924   
698    328   
698    777   
249    463   
249    386   
249    141   
852    176   
447    320   
447    581   
447    594   
465    152   
465    515   
465    503   
465    585   
465    391   
465    705   
391    280   
391    465   
705    804   
705    465   
974    417   
974    153   
213    353   
213    571   
213    515   
213    394   
213    611   
760    710   
760    613   
760    796   
369    261   
369    510   
369    201   
643    996   
643    346   
209    242   
209    373   
184    707   
185    941   
185    551   
977    691   
977    262   
269    663   
269    712   
269    724   
269    776   
269    487   
269    189   
577    189   
893    663   
893    557   
511    649   
559    843   
559    400   
559    668   
390    732   
390    724   
390    268   
502    627   
502    368   
502    255   
583    319   
408    519   
592    833   
951    421   
326    988   
547    499   
836    407   
861    703   
